lr: 1e-3
dataset: Matern_Synthetic
kl: 0.8975616834191161
sad: 2.3448321403624544
vol: 1.9403891758212877
a: 4.3271099279741
