lr: 1e-3
dataset: Matern_Synthetic_0_3_perlin_raw 
kl: 0.0011116699602671577
sad: 1.9487966211275145
vol: 3.586090753638206
a: 9.59717152951434
