lr: 1e-3
dataset: samson
kl: 0.01901314327577387
sad: 6.1203791393395575
vol: 7.73250191815007
a: 0.03229857630623204
