lr: 1e-3
dataset: Spheric_Synthetic_0_3_perlin_raw
kl: 0.8975616834191161
sad: 9.870814292978036
vol: 9.556615439143014
a: 0.00010972503221380776
