lr: 1e-3
dataset: Spheric_Synthetic
kl: 0.9584447035492164
sad: 2.454657968535677
vol: 3.6015674732342253
a: 9.064959189596223
